6 8 9 1 1 4 4 4 6 2 9 6 7 3 9 5 3 1 1 2 2 9 9 6 8 3 2 7 4 9 3 2 7 8 1 7 3 7 1 2 4 2 9 3 9 221.96533034571272 kf
4 7 8 5 1 4 9 8 7 9 9 6 9 5 2 4 9 8 3 5 4 8 4 8 9 9 8 7 1 4 1 8 8 6 1 4 3 8 1 3 4 5 6 9 3 221.17566557264297 kf
7 9 9 1 1 4 5 2 6 4 1 6 6 3 8 7 4 7 9 5 2 6 7 3 9 2 9 4 9 9 5 9 8 7 2 9 8 7 2 1 3 3 1 9 3 222.41218177212613 kf
4 8 1 4 1 6 5 3 3 5 7 5 2 9 8 4 2 8 6 6 4 3 4 3 6 5 8 1 9 2 4 1 7 9 2 5 8 8 1 1 5 4 6 5 5 221.87644094054463 kf
1 7 1 4 1 7 8 5 7 5 8 5 3 8 2 2 5 8 6 5 1 3 9 9 9 6 1 2 7 6 4 3 8 1 1 8 4 7 1 2 4 7 6 9 1 218.1804964429606 kf
8 1 3 2 7 5 3 5 8 4 7 8 1 4 2 7 2 2 1 2 2 5 8 1 8 3 1 1 6 2 6 8 4 5 1 5 1 6 1 1 3 7 8 6 3 221.78408232101714 kf
2 9 7 4 1 8 4 2 9 4 4 5 9 8 5 1 5 8 1 3 5 5 2 6 7 7 3 5 9 1 7 5 7 3 1 2 3 8 1 1 7 4 9 9 6 220.13736913379915 kf
6 7 6 8 3 3 6 9 4 6 4 8 2 4 5 3 9 2 4 2 1 7 6 8 7 6 6 7 6 1 8 8 8 7 1 2 6 3 1 2 2 8 9 2 1 220.93014506520012 kf
5 7 6 2 2 6 3 2 8 5 9 8 1 6 8 6 9 3 4 4 1 8 8 1 9 8 5 6 7 2 4 6 3 9 2 7 8 2 1 3 3 1 1 9 6 221.97606722161254 kf
2 8 5 7 1 2 2 1 2 2 6 5 8 5 9 7 6 9 6 8 4 2 4 2 9 7 5 1 2 8 6 9 2 9 1 2 6 7 1 2 4 2 5 4 5 222.6303320870636 kf
5 7 5 9 1 2 3 3 8 4 3 6 6 4 4 5 8 5 2 5 2 6 3 9 9 5 7 9 3 9 5 1 2 6 1 6 5 6 1 1 8 4 8 7 2 222.11585209012028 kf
2 7 9 5 1 5 2 4 8 3 2 4 9 4 9 8 5 8 5 7 1 6 5 8 7 1 7 4 7 7 7 2 9 1 3 3 7 7 1 1 2 4 2 5 1 220.81802132933512 kf
1 8 2 7 1 9 9 8 4 5 2 6 4 5 1 8 4 8 6 1 3 7 7 2 9 1 3 9 4 6 1 4 9 9 2 1 8 8 1 1 1 2 9 8 1 221.12066378833282 kf
6 6 6 4 1 9 4 1 5 9 6 9 1 1 1 8 3 9 7 8 6 2 5 3 3 8 9 9 4 7 3 6 8 8 1 9 6 5 1 2 3 3 5 6 9 221.58181321674326 kf
8 1 7 9 3 6 4 3 7 7 9 2 9 1 8 6 8 4 5 4 4 6 7 1 8 5 3 6 3 4 6 4 6 7 1 4 4 2 1 1 3 5 1 9 1 221.7615913206823 kf
5 9 9 9 1 7 2 8 2 7 5 8 1 8 2 4 5 9 4 2 7 8 9 6 5 8 4 4 6 8 1 3 8 3 3 7 1 2 1 2 3 5 7 8 3 222.50251324942795 kf
4 2 7 8 1 6 7 1 2 4 9 9 1 4 3 1 1 2 1 6 6 2 5 7 9 7 7 3 6 4 5 2 8 1 1 9 6 3 1 2 8 5 3 9 8 222.43887192197175 kf
1 6 1 8 3 7 8 7 1 6 7 9 6 4 6 2 4 3 3 1 3 8 7 9 6 3 5 3 8 1 5 8 9 5 2 1 7 1 1 1 2 7 1 9 1 220.97747710220975 kf
3 7 2 6 7 6 7 6 5 3 4 6 6 7 2 6 9 3 3 9 1 4 4 3 8 5 5 2 4 6 2 3 8 7 1 2 7 9 1 1 7 9 3 9 2 222.5957006773541 kf
6 9 9 4 1 5 8 5 2 7 4 6 1 7 7 2 8 6 3 7 2 9 9 8 9 2 5 2 1 3 6 3 3 5 1 2 1 3 1 4 5 6 2 9 1 221.9361705691044 kf
1 6 6 4 1 9 6 9 1 1 3 2 6 8 7 5 9 8 2 8 2 4 1 2 7 7 1 2 7 5 6 2 8 7 4 4 6 8 1 6 3 4 7 4 1 210.87842546751574 kfavg
1 8 9 1 1 9 5 5 8 1 5 8 8 2 2 5 6 5 7 8 6 6 4 6 8 8 9 3 8 4 6 3 8 3 3 4 7 7 1 4 4 1 1 6 2 210.89925947840317 kfavg
4 9 7 2 1 9 6 4 3 1 1 1 3 1 9 7 3 3 4 9 7 1 1 5 8 3 4 1 5 4 7 7 4 5 1 1 1 2 1 5 7 7 3 5 8 211.21739564662863 kfavg
5 8 4 5 1 7 8 9 9 1 4 9 3 9 8 5 7 9 2 2 5 6 4 7 9 3 4 3 5 3 6 4 6 8 3 9 4 7 1 6 4 3 6 5 5 211.5881539661811 kfavg
4 7 6 8 1 8 4 9 7 1 6 4 1 9 2 6 5 7 7 3 6 1 1 2 2 8 2 3 6 6 8 9 3 9 1 8 4 1 1 6 7 8 3 9 5 211.4880436835605 kfavg
6 8 5 9 1 7 6 7 9 1 6 5 3 2 1 3 9 3 2 7 7 6 8 5 3 7 1 1 9 6 6 6 4 2 3 9 7 1 1 8 3 8 4 8 3 211.60417735198052 kfavg
1 5 8 6 1 7 3 4 6 1 5 4 5 8 8 3 6 6 3 9 6 2 8 1 6 3 5 5 6 5 4 1 3 1 6 9 2 1 1 9 6 7 1 3 9 210.98770662360747 kfavg
5 9 5 4 1 6 7 9 8 1 1 5 1 9 5 5 7 5 7 1 2 8 8 4 3 5 3 9 1 9 6 1 6 9 1 5 5 9 1 9 6 8 9 4 2 208.68925073041302 kfavg
5 4 7 2 1 8 8 5 3 1 8 7 1 7 9 9 9 5 7 7 3 1 8 2 6 3 9 2 9 1 4 8 8 8 2 6 1 1 1 8 5 9 3 8 9 210.8637397291571 kfavg
5 9 9 9 1 5 9 4 8 3 7 6 3 9 4 6 6 6 7 9 3 2 7 4 6 2 6 4 7 1 4 4 4 7 7 4 9 9 1 8 1 9 1 6 5 212.0992777204789 kfavg
3 9 5 8 1 9 6 6 3 1 3 8 9 8 4 1 6 4 4 1 8 5 1 4 8 6 8 2 7 4 8 6 6 6 5 1 8 4 1 7 1 6 5 4 3 209.06232124415234 kfavg
2 8 5 6 1 6 8 1 8 1 5 5 7 6 8 6 9 5 9 5 9 1 6 2 1 9 2 5 8 3 7 1 6 1 8 2 4 7 1 9 2 7 3 4 3 210.43944341277617 kfavg
3 8 8 3 1 9 9 3 4 4 8 7 3 7 8 1 5 9 7 8 5 5 4 6 9 5 3 7 6 8 3 7 2 2 4 8 3 7 1 9 8 5 5 7 9 210.16435534039599 kfavg
4 5 2 2 1 9 9 1 6 1 7 1 1 7 8 3 7 7 4 2 6 3 9 3 7 9 5 7 6 2 8 4 9 7 1 6 7 2 1 9 7 1 9 4 7 209.9790377782203 kfavg
4 8 9 6 1 5 6 1 5 1 3 1 3 4 3 7 5 1 9 5 7 1 9 4 1 4 9 2 4 5 7 7 7 4 4 4 5 1 1 8 3 9 5 2 2 210.58398863705088 kfavg
7 9 4 1 1 8 7 4 7 1 8 6 5 9 7 3 8 8 6 4 9 8 3 1 9 7 7 7 9 4 6 5 1 2 1 6 4 4 1 9 6 8 5 2 8 209.93883375591352 kfavg
4 6 5 2 1 8 6 5 4 2 9 7 4 6 1 5 2 4 1 7 5 7 9 6 8 1 9 6 7 9 7 9 7 9 2 4 8 6 1 8 7 8 3 3 5 211.9297584588579 kfavg
3 7 8 7 1 7 2 4 2 1 7 4 7 2 1 5 2 4 2 8 1 3 4 6 8 7 2 8 2 3 1 2 9 4 9 8 7 9 1 8 1 8 5 9 3 211.79066592407835 kfavg
4 7 1 4 1 6 6 4 5 1 2 7 9 3 1 8 8 5 7 9 9 9 7 8 1 4 2 2 4 4 8 4 6 3 3 9 6 9 1 9 8 3 6 2 6 211.92740800900714 kfavg
3 2 7 9 1 6 8 2 5 1 4 7 1 5 4 2 7 6 5 1 2 2 1 7 7 5 8 9 9 3 9 8 3 8 2 5 9 6 1 9 4 6 8 9 6 211.52900849928773 kfavg
1 9 9 1 2 3 8 6 9 4 9 9 1 7 1 4 5 2 8 8 2 7 4 8 3 8 6 2 9 9 5 3 7 5 7 7 6 4 1 5 9 7 4 1 4 142.04755665223433 avg
8 7 5 5 1 6 2 5 6 1 7 9 1 7 8 6 5 6 2 9 6 6 3 8 8 1 6 4 4 3 8 5 6 8 5 7 7 5 2 4 2 9 9 1 2 142.0900930358453 avg
6 3 6 1 1 1 1 1 7 6 9 9 1 2 3 7 1 1 2 7 5 6 5 6 9 3 5 8 2 4 3 3 2 6 1 8 8 2 1 3 5 5 7 4 4 143.27898093727146 avg
7 8 3 2 1 8 9 8 3 1 9 9 1 8 1 8 3 5 6 9 1 9 5 5 9 2 8 2 3 1 8 2 9 3 2 7 5 6 3 7 9 8 8 8 3 143.9203414738688 avg
9 8 9 4 1 4 6 1 6 1 8 8 1 6 1 4 9 6 7 5 6 2 5 1 1 6 7 9 9 7 1 6 8 7 3 6 9 8 2 7 8 7 1 3 8 141.9925510985126 avg
7 8 4 1 1 9 5 6 7 3 3 9 1 8 5 6 8 5 4 9 9 6 1 6 9 2 7 6 9 5 7 3 9 4 4 9 9 9 2 6 4 3 8 1 3 144.05211182011703 avg
9 7 7 5 1 5 1 7 9 5 5 9 1 1 8 6 9 5 6 8 7 5 2 3 7 3 2 5 2 2 5 4 5 4 7 2 8 4 1 9 6 5 3 8 2 143.83504437855623 avg
8 6 6 9 1 2 5 9 5 5 9 9 1 1 7 2 5 6 6 3 7 7 4 2 4 4 7 1 6 7 4 8 7 5 4 3 2 4 1 9 5 2 5 6 8 141.08824762495072 avg
6 4 8 6 1 1 1 1 9 1 3 9 1 6 1 3 9 7 5 9 6 8 2 3 3 3 7 4 5 1 3 8 2 2 2 7 2 7 1 5 4 8 8 8 4 137.2374980661992 avg
5 3 1 5 1 3 2 2 5 1 7 8 1 4 4 8 8 5 2 8 9 7 1 3 7 4 3 3 1 8 7 1 7 8 1 4 2 6 1 7 6 7 2 3 4 144.1957989625642 avg
5 9 6 6 2 4 2 6 1 1 3 9 1 3 3 6 3 7 5 5 8 4 3 2 5 9 5 4 3 3 1 1 5 7 2 3 4 5 1 8 9 5 8 7 3 141.40090023232 avg
6 8 3 2 2 3 5 8 4 1 7 9 1 1 3 9 1 1 7 5 2 4 6 2 1 8 9 2 4 8 4 3 3 7 2 4 5 8 1 5 9 4 6 9 4 144.61569050897793 avg
9 7 4 4 1 4 6 9 6 6 5 9 1 8 3 9 8 8 3 7 3 2 6 1 6 5 2 3 1 2 3 3 1 7 2 7 8 6 1 5 2 2 4 6 3 143.2578124649868 avg
6 5 9 2 1 7 7 5 9 1 2 9 1 7 4 3 9 7 9 2 1 6 6 3 4 5 3 9 7 1 7 1 9 7 6 1 8 1 2 9 2 8 1 4 2 144.46984268272087 avg
9 9 7 4 2 9 8 6 8 1 4 7 1 1 6 8 5 7 8 4 5 3 8 5 3 4 1 2 3 3 3 3 2 5 2 2 6 7 1 4 3 6 8 1 1 143.30128485390986 avg
9 6 7 7 1 2 2 1 9 2 8 6 1 3 5 3 4 8 7 3 7 1 9 1 5 3 6 6 3 2 1 5 1 2 1 8 7 4 1 8 1 8 2 1 5 142.76482521655873 avg
4 4 4 6 1 4 6 6 5 6 7 9 1 3 5 6 8 6 5 9 6 4 9 2 5 2 9 9 8 1 3 3 1 9 3 5 5 3 1 7 7 5 9 2 6 142.4949356616011 avg
5 3 8 5 1 1 4 1 6 5 7 8 1 2 8 9 1 2 5 8 8 6 5 5 2 5 3 7 5 6 5 2 4 6 2 7 6 3 1 8 6 1 6 5 5 143.20043870273298 avg
5 5 8 8 1 1 9 2 5 1 7 8 1 5 9 9 7 4 3 7 3 9 2 9 4 2 4 9 4 5 2 9 3 7 4 5 6 8 1 9 5 4 8 7 5 141.19517837746807 avg
6 7 9 7 1 3 3 6 9 4 3 9 1 6 9 1 1 6 4 9 9 1 2 6 7 5 2 5 4 5 8 3 5 2 1 7 8 7 1 8 8 9 4 7 8 142.7318816065777 avg
5 9 8 6 1 2 6 9 2 7 6 5 1 6 6 2 9 5 3 7 8 5 3 9 7 1 3 1 9 9 8 9 8 5 2 5 9 8 4 1 5 6 8 3 7 188.39693663270606 c
8 2 6 7 4 2 3 6 5 6 9 8 1 5 3 7 9 8 2 8 1 3 7 8 2 8 8 1 8 6 4 9 7 7 1 5 5 7 2 1 1 5 1 5 1 185.20805185279045 c
2 8 1 5 1 1 5 4 3 8 6 8 1 7 2 1 6 5 4 5 2 9 2 7 6 2 1 2 3 9 9 6 3 6 2 4 4 4 6 1 5 9 3 5 8 187.38824748439396 c
7 7 3 6 9 1 4 8 6 6 9 9 1 8 2 2 6 2 9 5 1 7 8 2 8 9 7 6 4 8 3 1 2 1 1 4 6 8 9 3 3 8 4 6 1 187.20866470918327 c
3 8 6 7 1 1 6 4 4 8 7 7 1 9 6 2 1 8 5 8 3 3 7 4 8 4 4 7 5 7 5 7 9 1 5 2 9 9 2 4 3 5 8 4 3 188.0395737724241 c
6 9 4 4 7 3 5 9 7 7 2 8 1 4 4 2 1 8 8 7 2 5 2 1 5 5 4 6 3 5 5 9 9 4 2 6 6 5 1 2 2 9 7 9 1 186.3385685740315 c
3 6 7 3 1 1 2 3 8 5 9 7 5 4 5 9 2 7 7 6 1 6 2 4 9 6 5 4 9 8 8 3 9 2 3 9 7 3 2 2 3 5 8 6 1 188.4897423173218 c
8 8 7 2 2 1 1 1 2 7 9 6 2 9 4 7 9 6 9 7 4 1 2 2 1 4 4 9 2 7 2 3 7 4 1 8 9 4 4 1 2 9 9 8 1 188.5276508562486 c
1 1 3 5 2 1 6 4 1 7 2 9 1 9 4 3 9 5 6 6 8 2 4 2 3 1 3 3 7 9 2 1 9 5 4 7 5 4 4 1 2 9 3 3 1 188.25764899923777 c
7 7 4 3 2 1 9 1 9 3 6 9 1 5 3 2 4 2 2 5 2 7 3 6 7 2 1 1 9 9 6 8 5 3 1 8 8 2 5 1 1 1 8 3 9 187.2797245489811 c
4 6 5 9 9 1 2 3 2 8 8 9 1 1 4 9 4 6 7 2 5 7 3 7 9 8 7 5 2 2 4 6 9 8 2 3 3 3 2 1 5 9 6 4 4 187.27917685659307 c
4 5 7 7 1 1 9 7 3 9 4 8 1 8 4 3 7 5 1 5 1 5 8 9 9 4 2 8 5 4 3 9 9 8 3 9 6 7 3 5 1 7 2 6 9 186.69470358762698 c
2 6 7 9 1 1 7 8 4 9 8 6 1 5 3 7 1 7 6 1 9 2 8 5 9 5 9 7 1 5 5 3 8 8 3 9 7 4 1 1 1 6 3 2 8 186.7779198995494 c
1 8 8 4 1 4 5 7 4 4 7 7 1 3 7 2 8 9 3 8 1 4 5 6 4 8 4 5 8 5 4 1 8 2 1 5 9 5 1 1 6 7 4 3 1 188.1689928714963 c
3 2 3 2 5 1 7 4 1 6 2 9 1 6 4 8 3 8 7 1 1 8 4 6 6 8 1 6 7 3 6 9 6 9 1 1 9 1 5 2 3 8 3 8 3 187.74720624078833 c
1 5 1 3 1 1 3 7 3 4 9 7 1 8 4 7 5 2 3 3 1 8 8 9 2 1 4 8 8 9 2 4 8 8 1 4 6 6 4 2 4 1 4 7 1 184.7501469025162 c
4 9 9 7 1 4 3 8 4 7 5 1 1 3 7 5 1 4 9 6 3 2 5 9 9 8 7 5 6 6 6 4 4 8 1 7 3 4 2 1 3 9 8 2 1 187.7809330839424 c
7 5 2 1 5 1 5 9 1 8 9 9 1 6 5 5 9 7 5 4 6 5 8 7 4 6 6 4 4 1 8 5 5 7 1 7 1 5 1 1 7 8 9 7 7 188.26475049115507 c
3 6 7 5 1 1 3 4 6 6 9 9 1 1 6 9 7 1 6 9 2 4 3 8 5 6 8 8 2 4 7 9 7 6 2 6 5 7 7 1 6 7 3 4 7 186.63570779938615 c
7 7 6 9 3 1 3 5 7 7 9 8 1 2 2 6 1 2 8 1 7 5 9 7 7 2 9 7 9 8 3 2 8 6 2 3 1 1 9 1 6 9 5 9 4 188.54316471677788 c
