1 8 5 1 1 9 3 9 7 1 9 7 1 4 8 4 5 9 1 8 6 2 2 8 9 8 1 8 9 9 4 6 1 7 3 4 7 6 1 7 7 5 7 3 4 224.11271515405397
2 8 6 2 1 9 8 5 2 1 4 8 2 2 2 2 1 7 2 6 8 9 8 5 4 2 1 3 1 7 2 6 7 7 1 4 5 8 1 9 8 3 3 2 6 225.04161318242905
5 8 7 4 1 3 8 8 7 1 6 9 5 4 6 4 1 1 7 9 3 3 6 8 9 5 6 4 4 2 6 4 8 9 4 4 2 8 1 8 2 1 6 5 1 225.10178205280886
5 7 8 8 1 3 9 9 6 1 7 3 3 6 5 3 1 4 3 6 6 6 7 9 9 9 1 7 3 4 7 3 6 3 6 6 5 6 1 9 5 2 2 2 6 225.7074282292181
3 7 9 5 1 5 1 8 4 1 6 5 1 9 2 9 7 4 7 9 3 6 9 1 9 5 6 9 9 8 3 4 4 6 6 9 7 7 1 7 5 4 8 1 9 225.94846554461867
5 9 7 9 1 7 7 2 1 1 8 2 3 3 4 2 4 9 4 3 7 3 1 8 8 1 5 8 9 1 8 4 9 3 3 1 8 1 1 9 8 5 3 8 1 226.03804357077604
4 9 7 3 1 3 7 6 6 1 2 6 3 6 3 3 4 2 2 2 5 8 6 1 8 5 4 2 1 9 1 5 4 4 6 6 6 2 1 9 5 1 4 2 8 226.14728155025222
4 9 7 8 1 7 1 5 5 2 5 5 8 7 5 1 5 2 9 7 4 6 5 2 8 4 6 8 8 7 1 1 8 9 3 8 5 9 1 9 7 6 6 8 4 226.22640082914802
2 7 7 7 1 7 4 5 8 1 9 4 3 3 5 2 3 9 2 8 2 5 8 4 6 4 7 5 7 2 4 7 4 4 6 8 4 8 1 9 2 4 5 6 7 226.38754334271903
2 8 7 3 1 7 4 6 3 3 2 6 1 9 5 1 1 9 2 3 9 3 1 9 9 9 8 9 7 8 6 3 7 9 7 8 1 5 1 9 7 4 4 2 5 226.67212688671069
8 8 9 9 1 8 3 7 8 1 2 4 9 6 1 6 4 1 5 9 8 4 7 9 8 6 8 8 2 8 6 9 9 1 2 6 9 1 1 8 7 6 2 8 3 226.84891726836833
5 7 8 1 1 1 5 6 7 1 1 9 1 8 6 5 5 3 6 5 8 9 9 1 7 2 8 8 1 4 4 8 7 7 4 1 6 6 1 9 1 5 4 2 1 226.90911509497275
4 9 7 3 1 7 6 4 2 1 5 3 2 9 1 3 1 6 7 9 1 9 3 6 9 2 9 6 5 4 5 6 7 9 1 9 1 7 1 7 4 4 5 9 8 226.95618599993838
9 9 8 3 1 5 8 9 3 1 9 2 2 4 4 4 6 8 1 8 3 5 9 2 8 7 6 9 1 4 2 7 8 2 5 3 4 4 1 9 2 2 8 9 4 227.10788154571142
2 8 1 3 1 9 7 7 7 1 7 3 1 9 7 3 1 8 9 8 7 1 9 3 2 3 1 9 8 5 9 6 9 1 7 5 7 3 1 9 1 3 5 7 3 227.17266124037465
7 9 9 2 1 1 8 4 1 1 7 8 2 9 6 6 1 6 3 6 4 7 7 5 9 1 5 4 7 5 5 8 5 8 6 7 9 1 1 9 9 5 7 7 4 227.28965265686517
7 9 7 2 1 8 4 9 9 1 5 5 3 7 8 1 5 4 3 8 7 3 7 8 2 3 5 3 3 3 2 1 9 8 4 1 3 9 1 8 5 8 8 6 8 227.71267144236933
2 8 5 2 1 9 8 1 7 1 1 8 3 3 1 6 2 4 6 1 5 1 8 5 8 9 2 2 9 6 7 1 1 3 8 9 7 6 1 9 9 5 9 6 8 227.8003000600204
7 7 9 7 1 6 9 8 2 1 6 1 6 5 7 8 8 9 8 7 7 2 2 8 9 8 3 9 2 3 1 7 6 5 6 4 5 4 1 9 2 2 2 9 6 227.85840776963045
3 9 9 9 1 9 9 1 6 1 2 1 1 9 6 7 3 9 3 8 8 7 5 7 6 1 4 1 2 8 3 2 5 3 6 1 6 3 1 5 2 2 7 5 6 227.99294926268945
